# Ran on the whole dataset - Gender
HE: 0.960801899433136
GRAY: 0.9524236917495728
MEDIAN: 0.9440454840660095
CANNY 0.9057450890541077

# Ran on the whole dataset - Age
HE: 4.4
GRAY: 4.3
MEDIAN: 5.0
CANNY: 5.4